num_input=5
num_output=3
num_lyp_asym_copont=0
xi_star_training=[0.579910;0.000297;-0.270034]